1	1
1	2
1	3
1	4
1	5
1	6
1	7
1	8
1	9
1	10
1	11
1	12
1	13
1	14
1	15
1	16
1	17
1	18
1	19
1	20
1	21
1	22
1	23
1	24
1	25
1	26
1	27
1	28
1	29
1	30
1	31
1	32
1	33
1	34
1	35
1	36
1	37
1	38
1	39
1	40
1	41
1	42
1	43
1	44
1	45
2	30
2	1
2	2
2	3
2	4
2	5
2	6
2	7
2	8
2	9
2	10
2	11
2	12
2	13
2	14
2	15
2	16
2	17
2	18
2	19
2	20
2	21
2	22
2	23
2	24
2	26
2	27
2	28
2	31
2	32
2	33
2	34
2	35
2	36
2	38
2	39
2	40
2	41
2	42
2	43
2	44
2	45
3	30
3	1
3	3
3	4
3	23
3	5
3	6
3	7
3	8
3	9
3	10
3	11
3	12
3	13
3	14
3	15
3	16
3	17
3	18
3	19
3	20
3	21
3	22
3	24
3	26
3	27
3	28
3	31
3	32
3	33
3	34
3	35
3	36
3	37
3	38
3	39
3	40
3	41
3	42
3	43
3	44
3	45
4	1
4	2
4	3
4	4
4	23
4	6
4	7
4	9
4	11
4	12
4	13
4	15
4	16
4	46
4	17
4	47
4	18
4	20
4	22
4	26
4	27
4	48
4	49
4	28
4	31
4	50
4	33
4	34
4	35
4	39
4	30
4	43
4	51
4	52
4	53
4	25
4	44
4	54
5	1
5	2
5	3
5	55
5	4
5	6
5	7
5	9
5	11
5	12
5	13
5	15
5	16
5	17
5	18
5	20
5	22
5	23
5	56
5	26
5	27
5	28
5	31
5	30
5	34
5	25
5	35
5	39
5	41
5	43
5	57
5	58
5	59
5	60
5	44
5	61
6	30
6	1
6	2
6	3
6	4
6	6
6	7
6	9
6	11
6	12
6	13
6	15
6	16
6	62
6	17
6	18
6	20
6	22
6	23
6	26
6	27
6	28
6	31
6	25
6	34
6	63
6	38
6	39
6	64
6	43
6	40
6	33
7	17
7	1
7	2
7	3
7	55
7	4
7	6
7	7
7	9
7	10
7	11
7	23
7	12
7	13
7	15
7	18
7	65
7	20
7	22
7	66
7	26
7	27
7	28
7	31
7	34
7	67
7	30
7	39
7	35
7	68
7	43
7	69
7	70
8	1
8	2
8	3
8	4
8	6
8	7
8	9
8	11
8	12
8	13
8	15
8	23
8	17
8	18
8	20
8	22
8	26
8	27
8	28
8	31
8	45
8	34
8	37
8	38
8	39
8	30
8	68
8	43
8	71
9	1
9	3
9	4
9	72
9	6
9	7
9	9
9	11
9	12
9	13
9	15
9	17
9	18
9	45
9	20
9	22
9	23
9	26
9	27
9	29
9	28
9	31
9	50
9	34
9	30
9	39
9	73
9	43
9	33
10	1
10	3
10	55
10	4
10	6
10	7
10	23
10	9
10	11
10	12
10	13
10	15
10	17
10	21
10	18
10	63
10	20
10	22
10	53
10	26
10	27
10	28
10	31
10	34
10	74
10	39
10	75
10	43
10	30
10	76
11	77
11	78
11	79
11	2
11	80
11	23
11	30
11	11
11	43
11	7
11	52
11	17
11	81
11	3
11	82
11	16
11	83
11	67
11	84
11	85
11	86
11	26
11	28
11	33
11	87
11	88
11	89
11	90
11	35
11	29
11	39
11	63
11	91
11	58
11	69
11	92
11	93
11	94
11	95
11	31
11	25
11	45
11	1
11	96
11	71
12	77
12	78
12	79
12	97
12	2
12	80
12	43
12	7
12	52
12	17
12	81
12	3
12	82
12	16
12	83
12	67
12	84
12	85
12	86
12	26
12	28
12	33
12	87
12	88
12	90
12	63
12	91
12	58
12	69
12	92
12	89
12	35
12	93
12	30
12	94
12	95
12	31
12	25
12	45
12	96
12	71
13	55
13	23
13	43
13	17
13	16
13	31
13	45
13	98
13	25
13	48
13	39
13	7
13	63
13	30
13	99
13	22
13	12
13	100
13	101
13	102
13	69
13	3
13	59
13	88
13	94
13	33
13	44
13	27
14	3
14	88
14	4
14	1
14	17
14	25
14	65
14	63
14	103
14	104
14	33
14	40
14	31
14	7
14	23
14	58
14	105
14	12
14	106
14	107
14	45
14	27
14	108
14	30
14	109
14	44
14	110
14	111
15	88
15	4
15	1
15	17
15	25
15	65
15	63
15	103
15	33
15	40
15	31
15	7
15	23
15	3
15	58
15	105
15	12
15	106
15	107
15	45
15	27
15	108
15	30
15	109
15	44
15	110
15	111
16	55
16	89
16	19
16	30
16	3
16	4
16	45
16	104
16	17
16	112
16	113
16	67
16	114
16	72
16	49
16	37
16	12
16	35
16	39
17	55
17	89
17	23
17	30
17	11
17	19
17	3
17	4
17	45
17	104
17	17
17	112
17	113
17	67
17	114
17	72
17	49
17	37
17	12
17	35
17	39
18	1
18	3
18	12
18	25
18	115
18	116
18	19
18	45
18	17
18	117
18	4
18	118
18	119
18	37
18	40
18	11
18	33
18	35
18	58
18	120
18	8
18	84
18	68
18	63
18	121
18	122
19	2
19	72
19	23
19	30
19	11
19	104
19	116
19	112
19	45
19	16
19	25
19	4
19	117
19	123
19	21
19	124
19	63
19	27
19	119
19	125
19	1
19	37
19	87
19	58
19	17
19	8
19	126
19	57
19	54
19	127
19	128
19	61
19	82
19	129
20	1
20	2
20	55
20	89
20	12
20	45
20	104
20	112
20	113
20	30
20	3
20	11
20	29
20	17
20	88
20	130
20	118
20	7
20	25
20	68
20	35
20	131
20	13
20	117
21	30
21	132
21	17
21	133
21	21
21	63
21	101
21	40
21	127
21	43
21	22
21	120
21	88
21	12
21	99
21	33
22	30
22	2
22	4
22	120
22	21
22	19
22	82
22	63
22	31
22	53
22	127
22	40
22	45
22	12
22	18
22	17
22	1
22	47
22	35
22	27
22	3
22	88
22	117
22	43
22	23
22	69
22	134
23	35
24	65
25	52
26	135
27	65
28	17
29	136
30	17
30	137
30	52
30	138
30	71
30	53
30	139
30	73
30	4
30	11
30	67
30	140
30	58
30	141
30	69
30	27
30	142
30	143
30	144
30	45
30	106
30	35
30	30
30	145
30	79
30	146
30	147
30	12
30	25
30	134
30	148
30	149
31	150
31	151
31	88
31	4
31	17
31	135
33	88
34	45
35	88
36	17
37	27
38	27
39	17
40	34
41	3
41	40
41	120
41	71
41	62
41	17
41	28
41	30
41	35
41	29
41	39
41	152
41	45
41	153
41	18
41	118
41	127
41	104
41	117
41	33
41	106
41	154
41	63
41	147
41	25
41	27
41	12
41	11
41	155
42	3
42	40
42	120
42	71
42	62
42	17
42	28
42	30
42	35
42	29
42	39
42	152
42	45
42	153
42	33
42	18
42	118
42	127
42	104
42	117
42	154
42	63
42	147
42	25
42	27
42	12
42	11
42	155
43	3
43	40
43	120
43	71
43	62
43	17
43	28
43	30
43	35
43	29
43	39
43	152
43	45
43	153
43	33
43	18
43	118
43	127
43	104
43	117
43	25
43	27
43	12
43	11
44	30
45	30
46	65
46	156
46	35
46	44
47	65
48	11
48	17
49	33
50	25
51	30
51	33
52	30
52	17
52	2
52	3
52	55
52	23
52	43
52	157
52	120
52	83
52	158
52	159
52	28
52	33
52	63
52	11
52	4
52	66
52	45
52	58
52	18
52	160
52	135
52	106
52	128
52	7
52	1
53	30
53	161
53	162
53	3
53	23
53	163
53	100
53	99
53	22
53	43
53	17
53	120
53	28
53	16
53	135
53	21
53	65
53	78
53	164
53	165
53	11
53	4
53	125
53	88
53	56
53	166
53	48
53	25
53	35
53	12
53	167
53	168
53	169
53	170
53	171
53	40
53	39
53	69
53	172
53	96
53	104
53	117
53	157
53	59
53	173
53	70
53	87
53	7
53	112
53	89
53	63
53	33
53	174
53	45
53	47
53	175
53	109
53	1
53	176
53	105
53	177
54	30
54	161
54	100
54	43
54	17
54	120
54	23
54	16
54	135
54	21
54	65
54	78
54	165
54	11
54	4
54	125
54	88
54	56
54	35
54	166
54	48
54	25
54	12
54	40
54	168
54	169
54	171
54	39
54	69
54	172
54	96
54	162
54	104
54	157
54	59
54	173
54	70
54	87
54	7
54	112
54	89
54	63
54	33
54	174
54	45
54	99
54	47
54	175
54	109
54	1
54	176
54	105
54	177
55	2
55	178
55	3
55	55
55	163
55	22
55	4
55	99
55	1
55	43
55	133
55	23
55	16
55	19
55	82
55	101
55	179
55	20
55	17
55	63
55	48
55	45
55	113
55	109
55	79
55	30
55	33
55	44
55	29
55	37
55	69
55	180
55	120
55	25
55	90
55	27
55	75
55	12
55	106
55	68
55	35
55	34
55	181
55	88
55	47
55	182
55	183
55	184
55	11
55	154
55	122
56	40
57	100
58	30
58	1
58	4
58	25
58	69
58	88
58	22
58	17
58	23
58	101
58	102
58	35
58	120
58	45
58	47
58	34
58	3
58	27
58	185
58	96
59	7
59	17
60	65
61	35
66	35
67	8
67	127
67	40
67	49
67	104
67	30
67	73
67	45
67	117
67	70
67	23
68	1
68	3
68	12
68	8
68	127
68	48
68	40
68	49
68	104
68	73
68	45
68	117
68	70
68	23
68	30
69	27
70	27
71	44
71	186
72	116
72	45
72	187
72	188
72	17
72	69
72	189
72	30
72	35
72	190
73	2
73	116
73	45
73	187
73	188
73	17
73	44
73	63
73	69
73	189
73	30
73	27
73	35
73	190
74	27
74	17
74	1
74	30
74	186
75	9
76	25
77	23
78	17
79	65
79	143
80	65
80	143
81	65
81	143
82	65
82	143
83	65
83	143
84	65
84	143
85	65
85	143
86	65
86	143
90	35
90	17
91	40
93	2
93	55
93	69
93	23
93	16
93	191
93	79
93	7
93	63
93	165
93	33
93	17
93	45
93	41
93	112
93	25
93	173
93	40
93	35
93	44
94	2
94	7
94	10
94	25
94	45
94	165
94	176
94	192
94	49
94	17
94	27
94	39
94	44
95	30
95	1
95	2
95	3
95	55
95	12
95	25
95	45
95	116
95	16
95	34
95	4
95	131
95	193
95	82
95	152
95	72
95	57
95	194
95	175
95	58
96	44
97	30
98	77
98	78
98	195
98	80
98	7
98	2
98	16
98	67
98	71
98	86
98	26
98	183
98	84
98	97
98	196
98	87
98	88
98	63
98	91
98	35
98	82
98	93
98	101
98	94
98	95
98	25
98	3
98	30
98	197
98	23
98	198
98	44
98	118
98	81
98	199
98	96
99	77
99	78
99	195
99	80
99	23
99	30
99	11
99	7
99	2
99	16
99	67
99	71
99	19
99	86
99	26
99	97
99	196
99	183
99	87
99	88
99	63
99	91
99	35
99	82
99	93
99	101
99	94
99	95
99	25
99	197
99	198
99	44
99	118
99	81
99	199
99	96
100	90
100	45
100	2
100	83
100	82
100	12
100	196
100	183
100	30
100	1
100	53
100	3
100	106
100	23
100	25
100	200
100	88
100	49
100	63
100	91
100	69
100	35
100	93
100	101
100	67
100	94
100	17
100	99
100	197
100	33
100	29
100	96
100	26
101	201
101	10
101	79
101	202
101	203
101	17
101	3
101	27
101	33
101	40
102	2
102	35
102	120
102	16
102	19
102	33
102	17
102	43
102	64
102	117
102	45
102	30
102	106
102	27
102	4
102	3
103	23
103	30
103	11
103	35
103	120
103	25
103	188
103	96
103	18
103	12
103	43
103	106
103	33
103	88
103	44
103	45
103	3
104	2
104	3
104	102
105	40
105	16
105	135
105	1
105	118
105	63
105	11
105	45
105	35
105	72
105	104
105	204
105	47
105	61
105	30
105	3
105	4
105	205
105	127
106	21
106	157
106	69
106	63
106	33
106	27
106	106
106	118
106	17
106	11
106	31
106	117
106	88
106	165
106	4
106	3
106	23
106	7
106	127
107	21
107	157
107	206
107	69
107	63
107	33
107	27
107	106
107	118
107	17
107	11
107	31
107	117
107	88
107	165
107	4
107	3
107	23
107	7
107	127
108	45
108	16
108	46
108	2
108	35
108	40
108	30
108	17
108	106
108	128
108	27
108	88
108	117
109	3
109	55
109	116
109	14
109	1
109	207
109	96
109	208
109	17
109	63
109	30
109	209
109	45
109	23
109	47
109	35
109	128
110	154
110	1
110	69
110	30
110	23
110	5
110	4
110	27
110	43
110	45
110	210
110	17
110	35
110	25
110	211
110	44
110	109
110	32
110	88
110	7
110	212
110	39
110	213
110	47
110	214
110	215
110	58
110	11
110	216
111	162
111	163
111	43
111	7
111	10
111	83
111	3
111	21
111	63
111	1
111	11
111	40
111	2
111	17
111	29
111	45
111	12
111	130
111	100
111	189
111	18
111	52
111	217
111	96
111	26
111	57
111	27
111	22
111	39
111	109
111	70
111	197
111	218
111	35
111	88
111	219
112	30
112	1
112	35
112	178
112	3
112	55
112	131
112	5
112	32
112	88
112	99
112	43
112	16
112	25
112	19
112	220
112	11
112	33
112	4
112	37
112	40
112	12
112	44
112	96
112	113
112	157
112	184
112	135
112	22
112	50
112	48
112	45
112	120
112	209
112	221
112	101
112	59
112	7
112	63
112	27
112	28
112	117
112	222
113	69
113	14
113	87
113	192
113	113
113	35
113	120
113	17
113	57
113	27
113	223
113	31
113	104
114	30
114	1
114	35
114	178
114	3
114	55
114	25
114	23
114	5
114	4
114	99
114	43
114	17
114	16
114	101
114	19
114	179
114	220
114	21
114	11
114	28
114	45
114	88
114	158
114	12
114	40
114	36
114	44
114	63
114	32
114	184
114	135
114	222
114	74
114	120
114	22
114	117
114	189
114	33
114	224
114	54
114	59
114	96
114	27
114	128
114	87
114	57
114	225
114	109
114	127
114	212
114	67
114	71
114	2
114	7
114	177
114	122
115	30
115	112
115	3
115	55
115	12
115	25
115	100
115	69
115	222
115	185
115	226
115	104
115	116
115	99
115	58
115	17
115	10
115	208
115	23
115	113
115	16
115	46
115	152
115	34
115	147
115	22
115	48
115	93
115	101
115	227
115	11
115	228
115	1
115	166
115	4
115	229
115	28
115	45
115	126
115	44
115	63
115	29
115	230
115	27
115	192
115	109
115	106
115	231
115	40
115	73
115	181
115	168
115	33
115	20
115	120
115	232
115	233
115	171
115	151
115	189
115	234
115	57
115	235
115	31
115	88
115	153
115	236
115	237
115	238
115	35
115	60
116	30
117	30
117	112
117	3
117	55
117	12
117	25
117	100
117	69
117	116
117	117
117	7
117	17
117	11
117	65
117	21
117	35
117	188
117	40
117	23
117	27
117	33
117	126
117	101
117	73
117	20
117	143
117	230
117	45
117	127
117	189
117	57
117	131
117	39
117	89
117	197
118	90
118	30
118	17
118	192
119	74
119	35
119	192
120	20
120	2
120	55
120	45
120	16
120	112
120	25
120	158
120	65
120	29
120	3
120	11
120	206
120	44
120	63
120	17
120	35
120	39
120	120
120	40
120	12
120	239
120	102
120	23
120	209
120	240
120	176
120	30
120	33
120	241
120	242
121	20
121	116
121	45
121	65
121	53
121	35
121	17
121	23
121	231
121	243
121	30
121	242
122	30
122	52
122	21
122	4
122	88
122	31
122	11
122	40
122	45
122	118
122	35
122	153
122	188
122	117
122	33
123	30
123	157
123	162
123	112
123	106
123	244
123	176
123	13
123	25
123	222
123	5
123	116
123	7
123	58
123	245
123	145
123	207
123	72
123	22
123	228
123	28
123	12
123	63
123	40
123	113
123	246
123	33
123	17
123	152
123	215
123	73
123	11
123	1
123	88
123	247
123	147
123	174
123	229
123	96
123	127
123	180
123	4
123	44
124	78
124	2
124	3
124	248
124	222
124	115
124	5
124	43
124	45
124	10
124	249
124	82
124	158
124	17
124	65
124	4
124	147
124	35
124	166
124	106
124	100
124	96
124	168
124	12
124	73
124	58
124	54
124	27
124	118
124	157
124	189
124	81
124	67
124	33
124	44
124	22
125	55
125	23
125	30
125	11
125	19
125	112
125	40
125	4
125	17
125	250
125	90
125	27
125	69
125	25
125	33
125	45
125	31
126	20
126	49
126	19
126	17
126	1
126	29
126	35
126	39
126	23
126	127
126	101
126	30
126	117
126	25
126	242
127	120
127	39
127	40
127	104
127	135
127	25
127	251
128	23
128	30
128	11
128	120
128	39
128	40
128	104
128	135
128	25
128	251
129	55
129	22
129	14
129	252
129	69
129	25
130	30
130	185
130	1
130	156
130	8
130	162
130	112
130	3
130	222
130	190
130	55
130	4
130	248
130	253
130	133
130	12
130	27
130	99
130	19
130	7
130	23
130	16
130	67
130	254
130	255
130	17
130	256
130	21
130	63
130	257
130	71
130	45
130	258
130	259
130	82
130	11
130	40
130	184
130	22
130	103
130	49
130	39
130	33
130	34
130	260
130	38
130	35
130	69
130	31
130	152
130	231
130	261
130	52
130	26
130	262
130	126
130	93
130	263
130	264
130	73
130	109
130	192
130	208
130	75
130	180
130	110
130	106
130	171
130	28
130	243
130	50
130	88
130	265
130	223
130	266
130	20
130	237
130	217
130	44
130	267
130	2
130	197
130	101
130	182
130	218
130	268
130	121
130	87
130	181
131	178
131	112
131	13
131	116
131	99
131	117
131	12
131	16
131	72
131	11
131	4
131	24
131	32
131	25
131	269
131	17
131	22
131	270
131	2
131	141
131	33
131	130
131	88
131	118
131	174
131	229
131	150
131	111
132	271
132	2
132	157
132	162
132	112
132	106
132	244
132	272
132	176
132	23
132	13
132	248
132	25
132	5
132	27
132	99
132	8
132	4
132	16
132	21
132	19
132	24
132	40
132	33
132	246
132	17
132	87
132	35
132	217
132	28
132	52
132	142
132	12
132	222
132	152
132	45
132	30
132	96
132	141
132	68
132	73
132	63
132	11
132	1
132	247
132	147
132	135
132	273
132	117
132	111
133	271
133	2
133	112
133	272
133	13
133	248
133	5
133	27
133	99
133	8
133	4
133	16
133	25
133	19
133	21
133	176
133	24
133	40
133	33
133	246
133	17
133	90
133	87
133	35
133	28
133	106
133	239
133	52
133	142
133	12
133	152
133	45
133	30
133	96
133	141
133	68
133	157
133	63
133	11
133	247
133	147
133	135
133	273
133	117
133	217
133	23
133	1
133	111
134	30
134	17
134	1
134	2
134	169
134	162
134	3
134	106
134	222
134	4
134	12
134	25
134	11
134	23
134	22
134	48
134	104
134	35
134	45
134	8
134	165
134	120
134	133
134	216
134	16
134	217
134	157
134	117
134	40
134	124
134	73
134	274
134	179
134	19
134	65
134	101
134	103
134	105
134	37
134	119
134	127
134	131
134	88
134	33
134	176
134	18
134	80
134	41
134	185
134	64
134	72
134	244
134	67
134	112
134	275
134	49
134	128
134	96
134	99
134	31
134	109
134	43
134	28
134	245
134	122
135	17
135	1
135	169
135	162
135	3
135	106
135	222
135	4
135	23
135	11
135	30
135	35
135	45
135	7
135	8
135	165
135	120
135	216
135	217
135	157
135	117
135	40
135	124
135	127
135	179
135	22
135	119
135	105
135	65
135	103
135	37
135	31
135	88
135	2
135	176
135	18
135	58
135	80
135	185
135	131
135	12
135	244
135	112
135	275
135	128
135	96
135	152
135	245
135	63
136	2
136	112
136	167
136	69
136	22
136	117
136	7
136	58
136	157
136	62
136	3
136	40
136	48
136	222
136	105
136	4
136	33
136	17
136	63
136	188
136	30
136	28
136	109
136	176
136	106
136	143
136	180
136	208
136	49
136	35
136	96
136	223
136	79
136	11
136	45
136	99
136	34
136	71
136	276
137	167
137	22
137	117
137	7
137	58
137	157
137	112
137	62
137	3
137	40
137	48
137	222
137	105
137	4
137	33
137	11
137	17
137	63
137	188
137	30
137	28
137	109
137	176
137	106
137	143
137	180
137	208
137	49
137	35
137	96
137	79
137	45
137	99
137	34
137	71
137	276
138	30
138	78
138	167
138	12
138	25
138	118
138	35
138	117
138	7
138	58
138	120
138	112
138	40
138	3
138	45
138	19
138	65
138	34
138	4
138	116
138	188
138	18
138	17
138	63
138	192
138	72
138	41
138	22
138	96
138	199
138	48
138	276
139	78
139	167
139	88
139	118
139	117
139	7
139	58
139	120
139	112
139	40
139	3
139	45
139	19
139	65
139	188
139	28
139	18
139	17
139	63
139	30
139	192
139	72
139	41
139	35
139	22
139	96
139	199
139	12
139	276
140	3
140	22
140	112
140	40
140	48
140	45
140	188
140	28
140	17
140	104
140	277
140	96
140	128
140	276
141	167
141	22
141	116
141	7
141	40
141	188
141	28
141	17
141	63
141	117
141	128
141	23
142	2
142	178
142	19
142	11
142	25
142	83
142	117
142	4
142	114
142	21
142	30
142	150
142	147
142	39
142	164
142	3
142	211
142	49
142	120
142	37
142	35
142	45
142	63
142	213
142	17
142	12
142	88
142	33
142	23
142	8
142	128
142	48
142	175
142	99
143	59
144	3
144	35
144	19
144	83
144	117
144	30
144	114
144	21
144	150
144	39
144	11
144	88
144	23
144	211
144	120
144	213
144	40
144	33
144	25
144	45
144	12
144	107
144	8
144	128
144	17
144	96
144	69
144	44
144	177
145	115
145	10
145	269
145	254
145	21
145	27
145	63
145	278
145	279
145	106
145	40
145	45
146	10
146	3
146	4
146	63
146	35
146	117
146	45
146	23
146	25
147	2
147	12
147	82
147	39
147	11
147	3
147	120
147	45
147	35
147	33
148	112
148	229
148	23
148	17
148	45
148	221
148	30
149	14
149	183
149	135
150	78
150	1
150	2
150	112
150	12
150	72
150	45
150	280
150	8
150	52
150	113
150	63
150	53
150	34
150	17
150	106
150	176
150	22
150	82
150	30
150	87
150	49
150	18
150	88
150	117
150	4
150	96
151	17
151	106
151	4
151	45
151	7
151	117
151	30
151	3
151	119
151	65
151	35
151	29
151	39
151	2
151	58
151	63
151	128
151	11
151	31
152	12
152	17
152	225
152	35
152	127
153	135
154	1
154	3
154	4
154	12
154	25
154	45
154	11
154	23
154	19
154	65
154	113
154	17
154	69
154	68
154	30
155	35
155	30
156	2
156	3
156	1
156	16
156	210
156	19
156	281
156	229
156	21
156	176
156	109
156	18
156	17
156	12
156	102
156	144
156	32
156	45
156	282
156	88
156	215
156	23
157	11
157	63
157	37
157	120
157	22
157	44
157	43
157	40
157	17
157	30
157	33
157	3
157	57
157	25
157	147
157	89
157	39
157	197
157	35
158	116
158	19
158	7
158	11
158	169
158	30
158	25
158	120
158	22
158	222
158	23
158	45
158	57
158	33
158	39
158	283
158	89
158	99
158	197
158	4
159	99
159	23
159	30
159	11
159	19
159	43
159	16
159	25
159	229
159	176
159	141
159	35
159	45
159	39
159	12
160	19
160	43
160	16
160	25
160	229
160	176
160	141
160	35
160	45
160	39
160	12
160	30
160	23
161	17
161	78
161	2
161	112
161	55
161	72
161	222
161	45
161	10
161	19
161	30
161	191
161	284
161	40
161	35
161	285
161	214
161	97
161	16
161	25
161	7
161	63
161	183
161	88
161	27
161	104
161	11
161	96
161	82
161	117
161	269
162	2
162	32
162	52
162	12
162	16
162	19
162	117
162	17
162	11
162	68
162	29
162	22
162	27
162	45
162	286
162	44
162	33
162	47
162	3
162	153
162	30
162	99
162	149
163	2
163	32
163	30
163	52
163	3
163	12
163	16
163	19
163	117
163	45
163	17
163	11
163	75
163	35
163	68
163	29
163	88
163	94
163	33
163	22
163	79
163	160
163	286
163	235
163	44
163	47
163	153
163	287
163	99
163	149
164	4
164	43
164	52
164	157
164	288
164	22
164	112
164	65
164	25
164	68
164	88
164	40
164	48
164	12
164	45
164	117
164	44
165	3
165	10
165	30
165	113
165	188
165	7
165	63
165	100
165	82
165	17
165	69
165	118
165	12
165	149
166	65
168	3
168	72
168	289
168	17
168	10
168	79
168	151
168	25
169	17
169	78
169	178
169	3
169	55
169	12
169	25
169	4
169	52
169	290
169	23
169	81
169	183
169	11
169	229
169	2
169	199
169	33
169	30
169	35
169	200
169	96
169	44
169	222
169	88
169	74
169	43
169	90
169	45
169	27
169	157
169	94
169	68
169	59
169	283
169	291
169	292
169	91
169	293
170	17
170	78
170	178
170	55
170	23
170	30
170	11
170	52
170	290
170	81
170	183
170	229
170	2
170	4
170	199
170	33
170	35
170	200
170	96
170	44
170	222
170	88
170	74
170	25
170	43
170	90
170	45
170	157
170	294
170	68
170	59
170	283
170	27
170	291
170	292
170	91
170	293
171	2
171	178
171	3
171	55
171	88
171	157
171	120
171	212
171	158
171	17
171	33
171	30
171	35
171	12
171	90
171	69
171	45
171	22
171	173
171	27
171	39
171	4
171	292
172	17
172	1
172	169
172	162
172	3
172	106
172	222
172	4
172	295
172	11
172	30
172	23
172	45
172	8
172	165
172	120
172	216
172	217
172	157
172	40
172	124
172	127
172	179
172	22
172	105
172	103
172	44
172	88
172	2
172	176
172	18
172	80
172	185
172	152
172	244
172	35
172	112
172	275
172	27
172	99
172	96
172	70
172	197
172	245
173	17
173	1
173	2
173	169
173	162
173	3
173	106
173	222
173	55
173	4
173	11
173	30
173	23
173	8
173	165
173	120
173	216
173	217
173	157
173	40
173	124
173	22
173	105
173	65
173	103
173	127
173	37
173	35
173	88
173	176
173	109
173	296
173	18
173	80
173	185
173	90
173	152
173	244
173	41
173	112
173	275
173	128
173	99
173	96
173	121
173	197
173	245
174	17
174	2
174	106
174	222
174	55
174	4
174	8
174	165
174	120
174	216
174	217
174	157
174	40
174	124
174	22
174	105
174	65
174	103
174	37
174	35
174	88
174	90
174	152
174	41
174	1
174	63
174	128
174	99
174	121
174	192
174	197
174	96
175	30
175	17
175	1
175	169
175	162
175	3
175	106
175	4
175	12
175	25
175	11
175	23
175	22
175	104
175	222
175	35
175	43
175	45
175	8
175	165
175	120
175	133
175	216
175	217
175	157
175	117
175	40
175	21
175	124
175	63
175	179
175	19
175	119
175	105
175	229
175	103
175	127
175	37
175	112
175	88
175	176
175	109
175	296
175	18
175	80
175	82
175	297
175	185
175	244
175	96
175	275
175	49
175	99
175	67
175	94
175	44
175	31
175	28
175	52
175	245
176	17
176	69
176	4
176	30
176	23
176	11
176	19
176	43
176	58
176	225
176	231
176	99
176	210
176	12
176	21
176	53
176	25
176	211
176	199
176	29
176	35
176	39
176	109
176	3
176	32
176	88
176	213
176	27
176	47
176	106
176	282
176	61
176	168
176	45
176	44
177	154
177	1
177	69
177	4
177	30
177	23
177	11
177	27
177	43
177	58
177	17
177	12
177	16
177	231
177	210
177	19
177	98
177	191
177	21
177	88
177	25
177	211
177	199
177	29
177	298
177	109
177	3
177	32
177	40
177	269
177	39
177	213
177	33
177	45
177	106
177	282
177	35
177	68
177	173
177	117
178	2
178	4
178	30
178	27
178	19
178	58
178	10
178	16
178	23
178	11
178	21
178	17
178	25
178	12
178	44
178	211
178	29
178	63
178	7
178	109
178	3
178	43
178	32
178	88
178	35
178	39
178	33
178	45
178	47
178	106
178	282
178	1
178	68
178	215
178	154
178	69
178	168
178	190
179	43
179	17
179	30
181	2
181	30
181	19
181	7
181	83
181	4
181	67
181	12
181	39
181	45
181	25
181	11
181	130
181	27
181	299
181	127
181	117
182	2
182	3
182	30
182	88
182	19
182	7
182	25
182	33
182	210
182	21
182	8
182	4
182	300
182	63
182	301
182	11
182	1
182	27
182	109
182	44
182	217
182	17
182	40
182	31
182	39
182	87
182	99
182	90
182	47
183	30
183	112
183	80
183	72
183	102
183	82
183	254
183	84
183	4
183	302
183	303
183	89
183	86
183	26
183	87
183	3
183	27
183	91
183	40
183	304
183	94
183	45
183	35
183	173
184	78
184	108
184	2
184	26
184	81
184	82
184	92
184	35
184	29
184	39
184	40
184	17
184	89
185	10
185	67
185	159
185	82
185	305
185	93
185	40
185	17
186	17
186	106
186	4
186	72
186	45
186	30
186	14
186	117
186	119
186	244
186	11
186	113
186	87
186	37
186	23
186	40
186	49
186	63
186	70
186	99
187	187
187	30
187	154
187	1
187	161
187	306
187	40
187	307
187	2
187	3
187	190
187	55
187	4
187	12
187	248
187	25
187	100
187	45
187	295
187	23
187	17
187	5
187	118
187	116
187	88
187	199
187	35
187	44
187	117
187	78
187	82
187	174
187	236
187	7
187	8
187	308
187	292
187	33
187	14
187	288
187	19
187	112
187	309
187	21
187	176
187	63
187	310
187	104
187	284
187	110
187	311
187	183
187	37
187	301
187	79
187	101
187	312
187	179
187	92
187	184
187	313
187	229
187	113
187	222
187	34
187	24
187	314
187	76
187	69
187	315
187	53
187	157
187	188
187	26
187	49
187	39
187	180
187	32
187	131
187	11
187	294
187	135
187	109
187	181
187	220
187	28
187	59
187	120
187	281
187	27
187	73
187	67
187	171
187	99
187	192
187	95
187	75
187	52
187	282
187	91
187	47
187	283
187	316
187	42
187	106
187	189
187	87
187	317
187	215
187	318
187	57
187	319
187	54
187	243
187	320
187	266
187	214
187	267
187	127
187	121
187	304
187	96
187	134
187	321
187	322
188	2
188	3
188	55
188	30
188	27
188	19
188	10
188	49
188	16
188	12
188	180
188	4
188	34
188	63
188	82
188	98
188	323
188	11
188	191
188	101
188	65
188	88
188	53
188	188
188	324
188	325
188	17
188	28
188	33
188	57
188	106
188	35
188	326
188	39
188	127
188	40
188	96
188	44
189	2
189	63
189	11
189	130
189	35
189	57
189	12
189	117
189	7
190	17
190	35
191	2
191	3
191	72
191	327
191	116
191	45
191	33
191	62
191	88
191	188
191	12
191	17
191	223
191	57
191	194
191	238
192	78
192	3
192	55
192	12
192	25
192	45
192	115
192	23
192	30
192	11
192	21
192	274
192	158
192	98
192	4
192	229
192	99
192	188
192	37
192	294
192	222
192	17
192	168
192	33
192	154
192	63
192	199
192	44
192	117
192	292
192	31
193	2
193	99
193	23
193	30
193	11
193	19
193	176
193	35
193	27
193	215
193	117
194	3
194	11
194	150
194	12
194	17
194	2
195	3
195	150
195	31
195	12
195	35
196	12
196	11
196	17
196	110
196	61
197	2
197	11
197	30
197	23
197	45
197	99
197	33
197	328
197	31
197	88
197	35
197	27
197	63
197	25
197	106
197	17
197	117
197	40
197	4
197	188
197	120
197	1
197	12
197	329
198	2
198	3
198	45
198	99
198	33
198	328
198	31
198	88
198	35
198	11
198	27
198	63
198	106
198	17
198	117
198	30
198	40
198	4
198	188
198	120
198	1
198	12
198	69
198	329
199	3
199	23
199	30
199	11
199	330
199	123
199	65
199	120
199	22
199	72
199	27
199	17
199	35
199	225
200	330
200	123
200	120
200	22
200	72
200	27
200	17
200	225
200	34
201	2
201	55
201	69
201	222
201	112
201	25
201	11
201	4
201	23
201	206
201	90
201	17
201	35
201	30
201	40
201	73
201	1
201	3
201	44
201	43
201	168
201	45
201	149
202	1
202	112
202	190
202	55
202	12
202	331
202	248
202	45
202	69
202	11
202	25
202	118
202	30
202	7
202	332
202	17
202	9
202	249
202	333
202	15
202	19
202	48
202	21
202	42
202	28
202	334
202	125
202	22
202	40
202	101
202	29
202	79
202	188
202	35
202	34
202	141
202	4
202	33
202	58
202	117
202	3
202	199
202	26
202	176
202	20
202	88
202	89
202	96
202	131
202	99
202	335
202	23
202	336
202	110
203	55
203	331
203	248
203	69
203	11
203	25
203	187
203	30
203	163
203	45
203	17
203	9
203	249
203	333
203	12
203	15
203	16
203	22
203	21
203	284
203	28
203	112
203	40
203	101
203	4
203	29
203	79
203	188
203	34
203	3
203	33
203	74
203	35
203	117
203	199
203	57
203	88
203	335
203	110
203	337
203	176
203	63
204	1
204	112
204	3
204	55
204	12
204	25
204	45
204	23
204	48
204	19
204	43
204	229
204	17
204	10
204	249
204	147
204	30
204	22
204	338
204	113
204	53
204	176
204	44
204	33
204	100
204	120
204	82
204	192
204	208
204	152
204	167
204	110
204	63
204	272
204	57
204	7
204	2
204	190
204	197
204	31
204	96
204	32
205	17
205	178
205	3
205	22
205	27
205	23
205	12
205	300
205	4
205	188
205	120
205	35
205	30
205	40
205	45
205	88
205	221
205	339
205	25
205	109
205	117
205	121
206	30
207	78
207	116
207	10
207	165
207	123
207	21
207	179
207	52
207	188
207	17
207	180
207	159
207	26
207	2
207	41
207	307
207	68
207	30
207	35
207	12
207	118
207	3
207	43
207	241
208	78
208	2
208	112
208	116
208	14
208	16
208	25
208	310
208	11
208	215
208	99
208	188
208	1
208	114
208	30
208	58
208	173
208	34
208	40
208	27
208	43
209	78
209	1
209	2
209	3
209	12
209	72
209	45
209	8
209	52
209	113
209	63
209	53
209	34
209	17
209	30
209	82
209	179
209	307
209	87
209	49
209	18
209	117
209	4
209	96
210	12
210	25
210	45
210	23
210	30
210	11
210	4
210	22
210	108
210	92
210	19
210	340
210	65
210	188
210	37
210	154
210	40
210	17
210	3
210	58
210	69
210	44
210	35
211	2
211	3
211	106
211	22
211	244
211	26
211	285
211	214
211	97
211	31
211	27
211	25
211	17
211	255
211	239
211	105
211	40
211	90
211	12
211	30
211	49
211	341
211	154
211	35
211	44
211	11
211	342
212	2
212	106
212	22
212	244
212	26
212	285
212	214
212	97
212	31
212	27
212	90
212	25
212	17
212	255
212	239
212	105
212	40
212	12
212	30
212	49
212	341
212	3
212	154
212	35
212	44
212	11
212	342
213	248
213	72
213	222
213	284
213	19
213	65
213	117
213	35
213	30
213	3
213	105
213	250
213	171
213	45
213	26
213	27
213	7
213	2
214	2
214	116
214	4
214	45
214	259
214	25
214	63
214	39
214	30
214	12
214	23
214	65
214	157
214	17
214	33
214	179
214	307
214	88
214	117
214	3
214	27
214	292
214	22
214	52
214	44
214	99
214	35
214	343
215	112
215	3
215	310
215	39
215	208
215	78
215	65
215	35
215	63
215	7
215	117
215	40
215	45
215	171
215	73
215	127
215	25
215	11
215	30
215	33
215	88
215	344
215	47
216	2
216	178
216	55
216	16
216	4
216	166
216	20
216	90
216	35
216	99
216	94
216	44
217	128
218	289
218	2
218	112
218	3
218	4
218	72
218	222
218	104
218	48
218	30
218	23
218	84
218	108
218	37
218	35
218	92
218	345
218	22
218	189
218	346
218	53
218	34
218	90
218	95
218	17
218	52
218	281
218	18
218	199
218	82
218	40
218	192
218	45
218	60
218	110
218	182
218	347
218	282
218	68
218	1
218	91
218	145
218	47
218	73
218	25
218	96
218	132
218	11
218	58
219	2
219	23
219	30
219	11
219	52
219	10
219	63
219	101
219	25
219	67
219	17
219	12
219	88
219	1
219	44
219	45
220	2
220	147
220	35
221	255
221	71
221	30
222	2
222	55
222	22
222	14
222	30
223	289
223	30
223	1
223	2
223	112
223	3
223	4
223	12
223	25
223	72
223	104
223	22
223	48
223	89
223	88
223	101
223	90
223	95
223	180
223	82
223	52
223	17
223	59
223	281
223	18
223	199
223	176
223	182
223	347
223	282
223	33
223	189
223	84
223	96
223	57
223	91
223	145
223	49
223	73
223	330
223	222
223	132
223	109
223	23
223	348
223	11
224	3
224	22
224	48
224	112
224	4
224	89
224	101
224	90
224	95
224	30
224	180
224	82
224	52
224	17
224	59
224	281
224	18
224	199
224	182
224	104
224	282
224	33
224	189
224	84
224	96
224	57
224	25
224	91
224	145
224	49
224	73
224	330
224	222
224	176
224	132
224	109
224	23
224	348
224	11
225	112
225	3
225	55
225	72
225	222
225	31
225	48
225	43
225	7
225	14
225	89
225	90
225	181
225	95
225	33
225	44
225	63
225	52
225	17
225	281
225	18
225	199
225	106
225	40
225	182
225	282
225	84
225	30
225	91
225	27
225	47
225	128
225	39
225	225
225	60
225	88
225	4
225	45
225	349
226	2
226	88
226	23
227	14
227	16
227	3
227	30
227	90
227	41
227	17
227	266
227	25
227	45
227	35
227	181
228	14
228	16
228	30
228	25
229	2
229	11
229	30
229	23
229	216
229	350
229	117
229	21
229	4
229	49
229	40
229	44
229	150
229	192
229	45
229	7
229	99
230	2
230	69
230	11
230	30
230	23
230	351
230	350
230	117
230	21
230	4
230	49
230	40
230	120
230	17
230	45
230	1
230	27
230	7
231	2
231	11
231	30
231	23
231	14
231	350
231	117
231	21
231	4
231	49
231	40
231	74
231	17
231	45
231	27
231	7
232	11
232	30
232	23
232	350
232	117
232	21
232	4
232	49
232	40
232	120
232	45
232	7
233	21
233	49
233	45
233	7
234	21
234	49
234	44
234	45
234	7
235	2
235	3
235	55
235	72
235	52
235	10
235	16
235	4
235	63
235	196
235	21
235	30
235	11
235	65
235	53
235	120
235	40
235	90
235	95
235	33
235	17
235	41
235	23
235	1
235	57
235	132
235	197
235	223
235	82
235	117
235	109
235	35
236	2
236	3
236	72
236	23
236	30
236	11
236	52
236	176
236	310
236	196
236	65
236	285
236	214
236	97
236	95
236	180
236	17
236	90
236	197
236	45
236	47
236	352
236	44
237	1
237	2
237	3
237	12
237	25
237	30
237	52
237	23
237	37
237	65
237	27
237	95
237	22
237	40
237	90
237	45
237	39
237	17
237	197
237	352
237	4
238	1
238	2
238	3
238	12
238	25
238	52
238	23
238	37
238	65
238	27
238	95
238	18
238	22
238	40
238	90
238	45
238	39
238	17
238	197
238	30
238	352
238	4
239	3
239	4
239	72
239	23
239	30
239	11
239	52
239	10
239	33
239	63
239	17
239	95
239	69
239	197
239	25
239	27
240	2
240	3
240	72
240	222
240	4
240	37
240	11
240	95
240	131
240	126
240	117
240	70
240	23
240	33
241	115
241	35
241	45
241	120
241	3
241	47
241	21
241	82
241	4
241	23
241	353
241	354
241	30
241	19
241	37
241	87
241	91
241	29
241	40
241	69
241	11
241	63
241	117
241	17
241	157
241	32
241	189
241	12
241	7
241	54
241	223
241	313
241	44
241	355
241	109
241	25
241	100
241	1
241	88
242	22
243	40
244	192
245	192
246	192
247	30
248	128
249	1
249	2
249	3
249	12
249	25
249	356
249	340
249	130
249	165
249	45
249	40
250	2
250	55
250	11
250	30
250	23
250	291
250	180
250	113
250	17
250	45
250	35
250	27
250	181
250	25
250	357
251	291
251	27
251	17
251	30
252	291
252	27
252	17
252	30
253	291
253	17
253	30
253	283
254	291
254	65
254	17
254	30
254	283
255	291
255	17
255	30
255	9
256	291
256	30
256	9
257	17
257	30
258	69
258	22
258	120
258	358
258	40
259	17
259	69
259	40
260	10
260	65
260	17
260	209
260	35
260	30
260	182
261	2
261	359
261	49
262	73
262	30
262	187
262	117
262	217
262	17
262	360
262	3
262	40
263	46
263	291
263	11
263	88
263	30
263	361
263	33
263	82
263	45
263	223
263	69
263	67
263	35
263	40
263	197
264	192
264	40
265	192
265	40
266	3
266	65
266	89
266	34
266	35
267	2
267	25
267	11
267	17
267	3
267	1
267	35
268	25
268	4
268	45
268	157
269	55
269	176
269	23
269	16
269	284
269	300
269	4
269	89
269	30
269	118
269	27
269	45
269	102
269	90
269	35
269	117
269	127
269	225
269	17
269	3
269	25
270	14
270	46
270	33
270	22
270	35
271	23
271	30
271	11
271	46
271	3
271	65
271	188
271	29
271	17
271	73
271	120
271	12
271	99
271	35
271	58
272	2
272	248
272	23
272	30
272	11
272	163
272	157
272	127
272	57
272	27
272	35
273	3
273	89
273	34
273	120
274	30
274	1
274	3
274	55
274	127
274	222
274	167
274	48
274	4
274	99
274	45
274	17
274	11
274	112
274	12
274	21
274	212
274	187
274	117
274	362
274	114
274	101
274	312
274	65
274	25
274	28
274	35
274	88
274	27
274	23
274	324
274	188
274	33
274	157
274	363
274	44
274	63
274	59
274	72
274	40
274	52
274	142
274	120
274	18
274	315
274	36
274	152
274	87
274	79
274	94
274	82
274	96
274	190
274	7
274	89
274	22
274	134
274	364
274	322
275	2
275	45
275	30
275	79
275	127
275	35
276	2
276	178
276	176
276	46
276	234
276	147
276	11
276	65
276	30
276	112
276	40
276	35
276	44
276	192
276	45
276	49
276	106
276	173
276	22
276	101
277	30
277	65
277	35
277	17
277	106
277	99
277	33
278	10
278	72
278	152
278	17
279	30
279	2
279	3
279	22
279	167
279	45
279	4
279	12
279	112
279	35
279	88
279	27
279	23
279	324
279	31
279	33
279	168
279	69
279	44
279	63
279	90
279	37
279	11
279	365
279	19
279	89
279	99
279	366
279	25
279	149
280	30
280	3
280	167
280	43
280	45
280	25
280	4
280	12
280	84
280	53
280	112
280	35
280	88
280	27
280	23
280	324
280	31
280	33
280	44
280	63
280	90
280	37
280	143
280	18
280	104
280	17
280	365
280	11
280	2
280	94
280	89
280	99
280	366
280	96
280	149
281	11
281	120
281	17
281	33
281	188
282	55
282	255
282	71
282	11
282	65
282	17
282	209
282	68
282	35
283	116
283	27
283	254
283	340
283	152
283	45
283	61
283	63
283	106
283	7
284	2
284	43
284	10
284	11
284	1
284	30
284	17
284	3
284	57
284	245
284	27
285	2
285	11
285	30
285	23
285	117
285	340
285	4
285	40
285	64
285	27
285	99
285	35
286	223
287	22
287	79
287	45
287	17
287	127
287	69
287	146
287	23
287	154
287	47
287	4
287	241
288	216
288	117
288	21
288	151
288	4
288	45
288	54
288	200
288	69
289	2
289	178
289	4
289	367
289	200
289	216
289	368
289	21
289	53
289	58
289	99
289	17
289	45
289	35
290	2
290	4
290	367
290	200
290	163
290	216
290	368
290	25
290	117
290	21
290	154
290	30
290	17
290	58
290	35
290	369
290	120
290	45
291	33
291	90
291	45
291	30
292	65
292	143
292	90
292	45
293	181
293	14
293	16
293	53
293	21
293	63
293	45
293	87
293	29
293	43
293	44
293	25
293	11
293	12
293	3
293	99
293	30
293	7
293	17
293	47
293	365
293	32
293	35
293	57
293	69
293	117
293	23
294	14
294	16
294	3
294	120
294	17
294	40
294	18
295	14
295	16
295	3
295	120
295	17
295	40
295	18
296	16
296	174
296	252
297	178
297	55
297	16
297	23
297	102
297	120
297	45
297	30
298	2
298	282
299	248
299	45
299	157
299	11
299	65
299	87
299	28
299	4
299	188
299	17
299	39
299	100
299	33
299	183
299	27
299	35
299	128
299	88
299	89
299	25
299	81
300	55
300	17
300	120
302	2
302	55
302	116
302	370
302	40
302	17
302	27
302	3
302	89
303	2
303	22
303	191
303	166
304	11
304	30
304	23
304	216
304	64
304	120
304	117
305	87
305	174
306	14
306	120
306	17
306	45
306	25
306	30
307	125
307	127
307	223
307	117
308	49
308	30
308	96
310	45
310	65
310	192
310	74
310	17
310	63
311	11
311	87
311	73
311	101
311	35
312	2
312	10
312	21
312	63
312	151
312	100
312	17
312	35
312	82
312	30
313	2
313	115
313	43
313	16
313	300
313	371
313	192
313	33
313	1
313	99
313	22
313	67
314	40
314	17
314	44
314	30
314	12
314	27
315	30
316	2
316	30
316	23
316	11
316	4
316	27
316	19
316	231
316	210
316	211
316	109
316	43
316	32
316	88
316	45
316	12
316	39
316	213
316	33
316	35
316	216
316	241
317	30
318	116
318	52
318	252
318	96
319	2
319	55
319	116
319	17
319	173
319	96
319	186
320	90
320	10
320	45
320	372
320	65
320	23
320	133
321	52
322	19
322	14
322	16
322	1
322	45
322	33
322	88
322	23
322	52
322	25
323	19
323	14
323	16
323	291
323	45
323	43
323	17
323	33
323	23
324	45
325	30
325	17
326	30
326	17
327	30
327	17
328	248
328	115
328	30
328	4
328	163
328	29
328	40
328	117
328	82
328	300
328	373
328	33
328	217
328	223
328	282
328	35
328	12
328	192
328	45
328	27
328	44
328	17
329	2
329	55
329	27
329	11
329	65
329	40
329	120
329	30
329	88
329	25
329	44
330	157
330	65
330	27
330	35
330	44
331	7
331	40
331	44
331	128
332	61
333	191
333	16
333	220
333	180
333	120
333	17
333	135
333	113
333	107
333	117
333	147
333	35
334	116
334	10
334	16
334	98
334	191
334	17
335	157
335	43
335	17
335	64
335	20
335	33
335	242
336	10
336	3
336	40
336	12
336	147
336	30
336	1
336	53
336	106
336	23
336	25
336	200
336	33
336	113
336	87
336	116
336	35
336	32
336	45
336	294
336	11
336	44
336	63
336	192
336	17
336	24
336	197
337	87
338	55
338	127
338	45
338	3
339	23
339	30
339	11
339	206
339	25
340	63
340	188
340	102
340	17
341	36
341	17
341	61
342	7
342	216
342	16
342	35
342	300
342	18
342	52
342	40
342	73
342	153
342	17
343	35
343	158
343	100
343	17
344	30
344	17
344	88
344	1
344	173
345	2
345	10
345	254
345	234
345	180
345	229
345	154
345	99
345	45
345	120
345	29
345	3
346	55
346	14
346	30
346	120
346	45
346	157
348	2
348	55
348	45
348	30
348	29
348	3
348	17
348	37
348	18
348	63
348	118
348	35
348	99
348	71
348	33
348	127
349	1
349	17
349	152
349	221
349	4
349	9
350	2
350	30
350	7
350	3
350	82
350	106
350	33
350	75
350	305
350	44
350	63
350	23
350	192
350	94
350	35
350	152
350	79
350	160
350	17
351	2
351	10
351	17
351	291
352	55
352	11
352	58
353	102
353	17
353	1
353	23
354	98
354	88
354	181
354	17
354	45
354	189
354	67
354	304
355	43
355	63
355	120
355	40
356	65
356	30
357	11
357	1
357	374
357	30
358	2
358	11
359	11
359	17
359	27
359	2
360	11
360	143
360	27
361	30
361	11
361	345
362	3
363	3
364	2
364	17
364	99
365	2
365	17
365	120
365	99
366	11
366	143
366	45
366	30
366	199
366	3
366	18
367	11
367	143
367	45
367	30
367	199
367	3
367	18
368	11
368	45
368	199
368	18
369	11
369	45
369	199
369	18
370	27
370	11
371	27
371	11
372	2
372	188
372	45
372	30
373	2
373	188
373	45
373	30
374	30
374	10
374	23
374	45
374	375
375	30
375	10
375	23
375	45
375	375
376	30
376	10
376	45
376	173
377	30
377	10
377	45
377	173
378	11
378	17
378	88
378	45
378	358
380	17
381	99
382	99
383	10
383	1
383	49
385	11
386	45
387	65
387	63
387	376
387	45
388	63
388	376
388	45
389	11
389	376
389	197
390	4
390	30
390	376
390	44
390	45
390	135
391	30
391	17
391	376
391	25
391	358
392	30
392	376
392	17
392	45
393	2
393	30
393	376
393	45
393	33
393	35
393	43
394	2
394	4
394	30
394	376
394	17
394	33
394	43
395	2
395	25
395	369
395	30
395	33
395	45
395	43
396	2
396	216
396	376
396	192
396	17
396	45
396	41
396	30
396	33
396	43
397	2
397	376
397	17
397	33
397	43
398	2
398	376
398	43
399	2
399	376
399	43
400	2
400	4
400	12
400	30
400	188
400	376
400	3
400	43
401	25
402	25
403	17
404	45
405	2
405	358
406	2
406	17
406	45
406	30
407	2
407	17
407	45
407	30
408	2
408	17
409	17
410	11
410	4
410	17
410	68
410	23
411	116
411	370
411	120
411	40
411	106
412	254
412	127
412	63
412	4
412	96
412	35
412	23
412	17
412	3
412	128
412	117
414	45
414	117
415	45
415	117
416	209
417	41
418	41
419	41
420	192
420	375
420	118
421	375
422	44
422	120
422	12
423	44
423	120
423	12
425	116
425	11
425	192
425	173
425	106
425	17
426	116
426	11
426	192
426	173
426	106
426	17
427	45
428	1
429	10
429	54
430	176
430	135
431	116
431	157
431	10
431	151
431	22
431	217
431	223
431	31
431	377
431	30
431	4
432	223
433	65
434	35
435	109
436	45
437	375
437	199
437	27
438	73
438	128
439	274
439	33
439	43
439	88
439	49
439	25
439	147
439	35
439	45
439	3
439	44
439	177
440	157
440	10
442	45
443	65
444	10
444	58
445	164
445	11
445	1
445	35
445	30
446	65
447	104
447	22
447	17
447	135
448	45
449	57
450	11
450	44
451	45
452	10
452	64
452	47
453	116
453	54
454	73
455	10
456	10
456	45
457	10
457	58
457	17
458	12
459	45
460	10
460	9
460	17
460	35
460	30
461	45
462	10
463	10
463	17
464	73
465	10
465	1
465	223
465	17
466	25
467	44
468	65
469	11
470	10
470	1
470	45
470	135
471	79
472	11
472	23
472	12
472	30
472	27
472	176
472	39
472	37
472	33
472	45
472	35
473	65
474	127
474	22
474	209
475	10
475	30
475	1
475	53
475	3
475	106
475	23
475	25
475	200
475	17
475	45
475	27
475	121
476	1
476	135
476	12
477	28
477	30
478	39
480	65
481	28
481	176
481	17
482	10
482	67
482	17
482	198
483	10
483	52
483	151
483	3
483	35
483	30
483	128
483	4
484	112
484	192
484	45
485	10
485	23
485	25
485	88
486	11
486	35
487	25
488	73
489	45
489	65
489	11
489	112
489	2
489	17
490	116
490	96
490	199
490	35
491	10
492	65
492	27
493	10
493	17
494	45
494	10
495	194
496	157
497	63
497	30
497	45
498	10
500	28
500	135
500	173
501	16
501	57
501	208
502	72
502	116
502	30
502	4
502	16
502	90
502	65
502	378
502	29
502	37
502	379
502	69
502	33
502	40
502	27
502	117
502	45
502	221
502	17
502	57
502	127
502	94
502	47
502	88
502	7
502	3
502	11
502	35
502	99
502	216
503	72
503	116
503	30
503	4
503	16
503	90
503	65
503	378
503	29
503	37
503	379
503	69
503	33
503	40
503	117
503	45
503	221
503	17
503	57
503	94
503	47
503	88
503	7
503	3
503	127
503	11
503	35
503	99
503	216
504	72
504	116
504	30
504	4
504	16
504	90
504	65
504	378
504	29
504	37
504	379
504	69
504	33
504	40
504	117
504	45
504	221
504	17
504	57
504	94
504	47
504	88
504	7
504	3
504	11
504	35
504	99
504	216
505	4
505	88
505	43
505	35
505	27
505	48
505	12
505	106
505	25
505	33
505	87
505	54
505	30
505	40
505	380
506	217
507	30
508	65
508	7
508	17
508	45
509	44
510	27
510	35
511	17
511	135
511	242
512	44
513	11
513	221
514	10
516	43
516	40
517	63
517	221
517	30
517	188
518	127
518	40
518	63
518	7
519	30
519	3
519	72
519	23
519	11
519	187
519	8
519	120
519	4
519	254
519	45
519	39
519	78
519	88
519	40
519	220
519	35
519	183
519	222
519	74
519	104
519	27
519	63
519	127
519	1
519	99
519	69
519	7
519	110
519	117
519	31
519	157
519	381
520	30
520	3
520	72
520	187
520	8
520	120
520	4
520	254
520	45
520	39
520	78
520	88
520	40
520	220
520	35
520	183
520	222
520	74
520	104
520	27
520	127
520	1
520	69
520	7
520	99
520	11
520	110
520	117
520	31
520	157
521	30
521	3
521	72
521	187
521	8
521	120
521	4
521	254
521	45
521	39
521	78
521	88
521	40
521	220
521	35
521	183
521	222
521	74
521	33
521	104
521	27
521	63
521	127
521	1
521	69
521	7
521	99
521	11
521	157
522	17
522	1
522	169
522	162
522	3
522	106
522	4
522	72
522	116
522	222
522	112
522	8
522	165
522	120
522	216
522	217
522	35
522	22
522	19
522	105
522	30
522	340
522	65
522	103
522	127
522	44
522	157
522	79
522	188
522	37
522	38
522	88
522	176
522	18
522	80
522	185
522	27
522	244
522	82
522	23
522	275
522	57
522	12
522	25
522	189
522	96
522	40
522	245
522	2
522	69
523	17
523	106
523	4
523	72
523	116
523	222
523	8
523	165
523	120
523	216
523	217
523	35
523	22
523	19
523	105
523	30
523	340
523	65
523	103
523	44
523	157
523	79
523	188
523	37
523	38
523	88
523	127
523	27
523	82
523	25
523	63
523	189
523	40
523	23
523	2
523	69
524	375
524	30
525	17
525	106
525	4
525	72
525	187
525	35
525	23
525	188
525	127
525	120
525	2
525	70
525	117
526	23
526	30
526	11
526	116
526	45
526	25
526	4
526	117
526	17
526	88
526	3
526	300
526	19
526	119
526	87
526	38
526	35
526	185
526	96
526	27
526	127
526	128
526	61
526	33
526	382
527	11
528	120
529	45
530	184
532	184
533	184
534	65
534	74
535	88
536	3
536	116
536	19
536	12
536	35
536	7
536	40
536	45
536	186
537	8
537	383
537	83
537	17
537	114
537	21
537	30
537	73
537	39
537	12
537	88
537	211
537	120
537	213
537	3
537	25
537	33
537	35
537	11
537	117
537	23
538	2
538	4
538	9
538	15
538	3
538	22
538	26
538	29
538	31
538	82
538	33
538	17
538	44
538	25
539	23
539	43
539	10
539	98
539	11
539	88
539	25
539	48
539	17
539	4
539	39
539	100
539	35
539	12
539	7
539	127
539	47
539	27
539	44
539	40
539	113
539	177
540	17
540	55
540	19
540	43
540	23
540	14
540	88
540	66
540	25
540	44
540	101
540	176
540	27
